[gd_scene load_steps=4 format=2]

[ext_resource path="res://SpaceBoxBackground.tres" type="Environment" id=1]
[ext_resource path="res://BallBoxMap1.tscn" type="PackedScene" id=2]
[ext_resource path="res://SpaceBoxBackground.gd" type="Script" id=3]

[node name="SpaceBoxBackground" type="Spatial"]
script = ExtResource( 3 )

[node name="WorldEnvironment" type="WorldEnvironment" parent="."]
environment = ExtResource( 1 )

[node name="BallBoxMap1" parent="." instance=ExtResource( 2 )]
transform = Transform( -0.928628, 0, 0.371011, 0, 1, 0, -0.371011, 0, -0.928628, -190.006, -1.52588e-05, 252.221 )

[node name="Camera" type="Camera" parent="."]
transform = Transform( -0.637266, -0.0511013, 0.768948, -0.0238891, 0.99863, 0.0465669, -0.770274, 0.011306, -0.637613, -89.3011, 42.799, 232.828 )
far = 10000.0

[node name="DirectionalLight" type="DirectionalLight" parent="."]
transform = Transform( -0.501176, 0.605134, -0.618576, 0.0470139, 0.732816, 0.678801, 0.864067, 0.311117, -0.395719, 0, 34.2963, 0 )

[node name="ReflectionProbe" type="ReflectionProbe" parent="."]
transform = Transform( 1, 0, 0, 0, 1, 0, 0, 0, 1, 0, 0, 288.408 )
extents = Vector3( 50, 68.721, 50 )
